function [f, d] = mypolyfit(t)
% pp = 1.0e+04 * [ 0.000000000897913, ...
%                 -0.000001020183521, ...
%                  0.000435344309436, ...
%                 -0.082541401941476, ...
%                  5.870548813060829];
% 
% f = pp(1) * x^4 + pp(2) * x^3 + pp(3) * x^2 + pp(4) * x + pp(5);
% x = t(1); y = t(2);
% f = (x - 128.0211074515279) ^ 2 + (y - 271.4086134276026) ^ 2;
% d = pp(1) * x^4 + pp(2) * x^3 + pp(3) * x^2 + pp(4) * x + pp(5) - y;


function f=mypolyfit(x)
a=x(1);b=x(2);
f=a^2+b^2-a*b-10*a-4*b+60;
a=[1,1];
b=8;